49550 27802
201007 186371
107216 92369
187741 248769
159702 175879
184020 206164
81209 83031
112016 107217
42028 45001
139063 206918
78746 65822
132343 41834
241450 242678
40278 112043
29042 43277
163745 179416
67642 116781
109833 43990
206387 144612
125321 35844
12857 8292
104008 46041
12790 34495
185023 207071
30515 113270
201481 185913
39324 108939
239357 257994
104710 52449
162361 209199
124927 47882
5546 251559
130060 117933
49539 129089
198057 208330
109340 36843
36967 40987
163158 195943
226879 231095
148765 203164
120228 131930
226638 227405
12702 26990
138507 250303
245937 133089
212063 154122
68968 127841
92949 108643
28831 18100
155056 156531
19308 135007
160238 155434
71875 59962
12010 16850
181832 214387
110832 26937
220604 224767
49610 55722
138635 187957
204261 179411
137470 246474
53226 20355
62762 73102
15187 233473
127888 222022
55330 37494
102361 124979
108272 104431
138373 184351
48462 25763
39193 48713
170113 179414
33978 23491
164163 200765
161848 205871
52115 27665
154018 171768
69258 59216
188439 12931
115622 107354
140563 139084
179116 152786
168325 179492
12667 134800
29423 139871
112026 95812
225202 231333
160154 172974
70981 74458
22032 110092
14613 105010
207911 212634
139225 136656
89383 80461
147581 204532
151860 198191
211460 155931
34882 33195
198029 204418
110941 43798
